17
B1F1        0.0000000 0.0533545 0.3616933 0.3376651 0.3276436 0.3486376 1.8224972 1.8224972 1.8224972 1.8224972 1.8224972 1.8224972 1.8224972 1.8224972 1.8224972 0.0000010 2.1061935 
PB1D10      0.0533545 0.0000000 0.3769512 0.3757729 0.3670033 0.3753380 1.8224972 1.8224972 1.8224972 1.8224972 1.8224972 1.8224972 1.8224972 1.8224972 1.8224972 0.0000010 2.4391791 
Castor      0.3616933 0.3769512 0.0000000 0.3372214 0.3176950 0.3128940 0.2526607 0.2718115 0.2099928 0.2838746 0.3792296 0.4945287 0.5281233 0.5146519 0.4565164 0.3947192 0.5328935 
Dipodomys   0.3376651 0.3757729 0.3372214 0.0000000 0.1638503 0.1433194 0.3257033 0.3405317 0.2786032 0.3285347 0.4246021 0.5660263 0.5001080 0.4825905 0.5149670 0.4526267 0.7211414 
Chaetodipus 0.3276436 0.3670033 0.3176950 0.1638503 0.0000000 0.1502700 0.3274431 0.3314137 0.2866766 0.3353078 0.4378427 0.5606787 0.4529133 0.5030307 0.4589805 0.4273847 0.7461986 
Heteromys   0.3486376 0.3753380 0.3128940 0.1433194 0.1502700 0.0000000 0.3035892 0.3502068 0.2626969 0.3459875 0.4555548 0.6453580 0.5423176 0.5781155 0.5698262 0.5252857 0.7862081 
Jaculus     1.8224972 1.8224972 0.2526607 0.3257033 0.3274431 0.3035892 0.0000000 0.2874583 0.2431502 0.2908329 0.4148163 0.4069000 0.3863066 0.4029516 0.4024575 0.3173213 0.3386459 
Pedetes     1.8224972 1.8224972 0.2718115 0.3405317 0.3314137 0.3502068 0.2874583 0.0000000 0.1474434 0.2548015 0.3530461 0.4739433 0.4623908 0.4801935 0.4398680 0.3614658 0.4067704 
Anomalurus  1.8224972 1.8224972 0.2099928 0.2786032 0.2866766 0.2626969 0.2431502 0.1474434 0.0000000 0.2059948 0.3098454 0.4200650 0.3887369 0.4027843 0.3856339 0.3281748 0.3464738 
Ictidomys   1.8224972 1.8224972 0.2838746 0.3285347 0.3353078 0.3459875 0.2908329 0.2548015 0.2059948 0.0000000 0.3916285 0.4913785 0.4538169 0.4804337 0.4930535 0.4218046 0.3790892 
Cavia       1.8224972 1.8224972 0.3792296 0.4246021 0.4378427 0.4555548 0.4148163 0.3530461 0.3098454 0.3916285 0.0000000 0.5599794 0.4557243 0.4880447 0.5337102 0.4998854 0.5077386 
Mus         1.8224972 1.8224972 0.4945287 0.5660263 0.5606787 0.6453580 0.4069000 0.4739433 0.4200650 0.4913785 0.5599794 0.0000000 0.2096049 0.1793450 0.3803357 0.3013935 0.4615228 
Rattus      1.8224972 1.8224972 0.5281233 0.5001080 0.4529133 0.5423176 0.3863066 0.4623908 0.3887369 0.4538169 0.4557243 0.2096049 0.0000000 0.2050602 0.3614114 0.2987744 0.4650180 
Apodemus    1.8224972 1.8224972 0.5146519 0.4825905 0.5030307 0.5781155 0.4029516 0.4801935 0.4027843 0.4804337 0.4880447 0.1793450 0.2050602 0.0000000 0.3245398 0.2950025 0.4637749 
Peromyscus  1.8224972 1.8224972 0.4565164 0.5149670 0.4589805 0.5698262 0.4024575 0.4398680 0.3856339 0.4930535 0.5337102 0.3803357 0.3614114 0.3245398 0.0000000 0.2077958 0.4662341 
Microtus    0.0000010 0.0000010 0.3947192 0.4526267 0.4273847 0.5252857 0.3173213 0.3614658 0.3281748 0.4218046 0.4998854 0.3013935 0.2987744 0.2950025 0.2077958 0.0000000 0.4381581 
Nannospalax 2.1061935 2.4391791 0.5328935 0.7211414 0.7461986 0.7862081 0.3386459 0.4067704 0.3464738 0.3790892 0.5077386 0.4615228 0.4650180 0.4637749 0.4662341 0.4381581 0.0000000 
