11
PB1D7       0.0000000 1.0229282 0.7071828 1.0266808 0.9479493 0.8360152 0.9658821 0.7829826 0.8243671 1.1639214 0.9989228 
ID4         1.0229282 0.0000000 0.2448552 0.4442699 9.0000000 9.0000000 9.0000000 9.0000000 0.3267911 0.7707068 1.0268808 
Castor      0.7071828 0.2448552 0.0000000 0.5259576 0.3188673 0.2748774 0.4050440 0.3385837 0.4530496 0.6899438 0.7021776 
Nannospalax 1.0266808 0.4442699 0.5259576 0.0000000 0.2953366 0.3131086 0.3659338 0.3327789 0.7505286 0.5067078 0.8289944 
Jaculus     0.9479493 9.0000000 0.3188673 0.2953366 0.0000000 0.2655569 0.3850722 0.3716613 0.4314169 0.4651903 0.5214879 
Anomalurus  0.8360152 9.0000000 0.2748774 0.3131086 0.2655569 0.0000000 0.3156036 0.2956337 0.3578718 0.4866508 0.5792543 
Ictidomys   0.9658821 9.0000000 0.4050440 0.3659338 0.3850722 0.3156036 0.0000000 0.3932633 0.4955310 0.4966757 0.6029368 
Cavia       0.7829826 9.0000000 0.3385837 0.3327789 0.3716613 0.2956337 0.3932633 0.0000000 0.4752914 0.5316327 0.6232238 
Dipodomys   0.8243671 0.3267911 0.4530496 0.7505286 0.4314169 0.3578718 0.4955310 0.4752914 0.0000000 0.9196959 0.8878900 
Mus         1.1639214 0.7707068 0.6899438 0.5067078 0.4651903 0.4866508 0.4966757 0.5316327 0.9196959 0.0000000 0.2261584 
Rattus      0.9989228 1.0268808 0.7021776 0.8289944 0.5214879 0.5792543 0.6029368 0.6232238 0.8878900 0.2261584 0.0000000 
