14
PB1D10      0.0000000 0.2244123 0.3613829 0.3911270 1.2550943 1.2455572 1.0453212 2.0712543 1.3493156 1.3960949 1.0928338 1.4211218 1.3027186 2.5851696 
Castor      0.2244123 0.0000000 0.4211304 0.4775340 0.5326386 0.5665324 0.5317101 0.4571899 0.5244816 0.4169535 0.4517207 0.4344506 0.6930973 0.4429253 
Dipodomys   0.3613829 0.4211304 0.0000000 0.2157798 0.7271835 0.6927706 0.7123632 0.6180218 0.6870987 0.6537069 0.5559541 0.6256763 0.9074915 0.5909878 
Chaetodipus 0.3911270 0.4775340 0.2157798 0.0000000 0.7952954 0.7807825 0.7912702 0.7461506 0.8049756 0.7826417 0.6908786 0.8427914 1.0104060 0.7101374 
Mus         1.2550943 0.5326386 0.7271835 0.7952954 0.0000000 0.1023069 0.0892958 0.1453745 0.1898352 0.3131072 0.3865410 0.4576469 0.6598406 0.4225436 
Rattus      1.2455572 0.5665324 0.6927706 0.7807825 0.1023069 0.0000000 0.0973363 0.1690162 0.2159154 0.3220323 0.3937129 0.4763187 0.6852073 0.4971986 
Apodemus    1.0453212 0.5317101 0.7123632 0.7912702 0.0892958 0.0973363 0.0000000 0.1416055 0.1835385 0.3184064 0.3983587 0.4650734 0.6836891 0.4630196 
Peromyscus  2.0712543 0.4571899 0.6180218 0.7461506 0.1453745 0.1690162 0.1416055 0.0000000 0.1322845 0.3027954 0.3518075 0.4115632 0.6190802 0.4209893 
Microtus    1.3493156 0.5244816 0.6870987 0.8049756 0.1898352 0.2159154 0.1835385 0.1322845 0.0000000 0.3376496 0.3716865 0.4783801 0.6748719 0.4242123 
Nannospalax 1.3960949 0.4169535 0.6537069 0.7826417 0.3131072 0.3220323 0.3184064 0.3027954 0.3376496 0.0000000 0.3425784 0.3971164 0.6699027 0.3706271 
Jaculus     1.0928338 0.4517207 0.5559541 0.6908786 0.3865410 0.3937129 0.3983587 0.3518075 0.3716865 0.3425784 0.0000000 0.3676416 0.5628796 0.4338398 
Ictidomys   1.4211218 0.4344506 0.6256763 0.8427914 0.4576469 0.4763187 0.4650734 0.4115632 0.4783801 0.3971164 0.3676416 0.0000000 0.4999274 0.4169353 
Cavia       1.3027186 0.6930973 0.9074915 1.0104060 0.6598406 0.6852073 0.6836891 0.6190802 0.6748719 0.6699027 0.5628796 0.4999274 0.0000000 0.6593110 
Anomalurus  2.5851696 0.4429253 0.5909878 0.7101374 0.4225436 0.4971986 0.4630196 0.4209893 0.4242123 0.3706271 0.4338398 0.4169353 0.6593110 0.0000000 
