13
PB1D10      0.0000000 0.3298579 9.0000000 9.0000000 9.0000000 9.0000000 9.0000000 9.0000000 9.0000000 9.0000000 9.0000000 9.0000000 9.0000000 
Castor      0.3298579 0.0000000 0.4233726 0.3454846 0.4756448 0.4131376 0.4191782 0.5711121 0.5372432 0.5089105 0.3997017 0.4150645 0.4897992 
Nannospalax 9.0000000 0.4233726 0.0000000 0.3470501 0.4639562 0.4290811 0.4456699 0.4630154 0.4423274 0.4634939 0.3798500 0.4237775 0.6228330 
Anomalurus  9.0000000 0.3454846 0.3470501 0.0000000 0.4508284 0.3181024 0.3945136 0.4456620 0.4298633 0.3884564 0.3078646 0.3498441 0.6040615 
Cavia       9.0000000 0.4756448 0.4639562 0.4508284 0.0000000 0.3926685 0.4808044 0.5537121 0.5164823 0.4829701 0.4457784 0.5130143 0.6032497 
Jaculus     9.0000000 0.4131376 0.4290811 0.3181024 0.3926685 0.0000000 0.4167436 0.5729564 0.5007796 0.4506156 0.3685769 0.3336689 0.5483676 
Ictidomys   9.0000000 0.4191782 0.4456699 0.3945136 0.4808044 0.4167436 0.0000000 0.5551091 0.4543262 0.5244514 0.4337653 0.4600185 0.5998968 
Mus         9.0000000 0.5711121 0.4630154 0.4456620 0.5537121 0.5729564 0.5551091 0.0000000 0.1713517 0.1772992 0.2832059 0.3411600 0.7444672 
Apodemus    9.0000000 0.5372432 0.4423274 0.4298633 0.5164823 0.5007796 0.4543262 0.1713517 0.0000000 0.1729610 0.2880646 0.3055543 0.6228028 
Rattus      9.0000000 0.5089105 0.4634939 0.3884564 0.4829701 0.4506156 0.5244514 0.1772992 0.1729610 0.0000000 0.2391356 0.2773405 0.7416136 
Peromyscus  9.0000000 0.3997017 0.3798500 0.3078646 0.4457784 0.3685769 0.4337653 0.2832059 0.2880646 0.2391356 0.0000000 0.1115338 0.6316469 
Microtus    9.0000000 0.4150645 0.4237775 0.3498441 0.5130143 0.3336689 0.4600185 0.3411600 0.3055543 0.2773405 0.1115338 0.0000000 0.6552825 
Dipodomys   9.0000000 0.4897992 0.6228330 0.6040615 0.6032497 0.5483676 0.5998968 0.7444672 0.6228028 0.7416136 0.6316469 0.6552825 0.0000000 
