14
ID4         0.0000000 0.0844841 0.1263152 0.3742565 0.4992339 1.5392040 2.1198353 0.9964637 9.0000000 8.9999987 2.1198353 2.1198353 8.9999987 2.1198353 
STRID1      0.0844841 0.0000000 0.1846984 0.4501148 0.5704673 2.3815694 1.8550132 1.3739384 3.7920662 2.5629603 2.1816064 2.3033492 1.6392501 1.7233818 
twinID-Spe  0.1263152 0.1846984 0.0000000 0.1262784 0.3401846 0.4559440 0.7803010 0.0000010 8.9999989 0.7803010 0.7803010 0.7803010 0.7803010 0.7803010 
Castor      0.3742565 0.4501148 0.1262784 0.0000000 0.3633792 0.3272808 0.3542404 0.5332650 0.6186659 0.6866842 0.5736993 0.6388856 0.7319542 0.5087087 
Dipodomys   0.4992339 0.5704673 0.3401846 0.3633792 0.0000000 0.3965320 0.3928282 0.5686547 0.6501673 0.7161504 0.6782230 0.6351858 0.7909957 0.5755785 
Pedetes     1.5392040 2.3815694 0.4559440 0.3272808 0.3965320 0.0000000 0.3962409 0.6081516 0.6197673 0.6109561 0.5697156 0.6340846 0.6841785 0.5685960 
Ictidomys   2.1198353 1.8550132 0.7803010 0.3542404 0.3928282 0.3962409 0.0000000 0.5345077 0.6342908 0.6611984 0.5611439 0.6232980 0.7532414 0.5514321 
Cavia       0.9964637 1.3739384 0.0000010 0.5332650 0.5686547 0.6081516 0.5345077 0.0000000 0.7362218 0.7930393 0.7269242 0.7584903 0.7795821 0.6817802 
Mus         9.0000000 3.7920662 8.9999989 0.6186659 0.6501673 0.6197673 0.6342908 0.7362218 0.0000000 0.1731318 0.3107334 0.3186081 0.2139187 0.4991692 
Apodemus    8.9999987 2.5629603 0.7803010 0.6866842 0.7161504 0.6109561 0.6611984 0.7930393 0.1731318 0.0000000 0.3238582 0.3364300 0.2570450 0.5231152 
Peromyscus  2.1198353 2.1816064 0.7803010 0.5736993 0.6782230 0.5697156 0.5611439 0.7269242 0.3107334 0.3238582 0.0000000 0.2773812 0.3711970 0.4924936 
Microtus    2.1198353 2.3033492 0.7803010 0.6388856 0.6351858 0.6340846 0.6232980 0.7584903 0.3186081 0.3364300 0.2773812 0.0000000 0.3934586 0.4770454 
Rattus      8.9999987 1.6392501 0.7803010 0.7319542 0.7909957 0.6841785 0.7532414 0.7795821 0.2139187 0.2570450 0.3711970 0.3934586 0.0000000 0.5465475 
Nannospalax 2.1198353 1.7233818 0.7803010 0.5087087 0.5755785 0.5685960 0.5514321 0.6817802 0.4991692 0.5231152 0.4924936 0.4770454 0.5465475 0.0000000 
